MEMORY
  total           13480 KB
  struct            159 KB
  buffer              9 KB
  arena           13312 KB, used 0.2%

SIZES
  narena                13631488
  nbuffer               9088
  nplugin               0
  maxuse_stack          1560
  maxuse_arena          28848
  maxuse_con            2
  maxuse_efc            8
  ncon                  2
  ne                    0
  nf                    0
  nl                    0
  nefc                  8
  nJ                    64
  nA                    0
  nisland               1
  nidof                 8
  ntree_awake           1
  nbody_awake           4
  nparent_awake         3
  nv_awake              8
  flg_energypos         0
  flg_energyvel         0
  flg_subtreevel        0
  flg_rnepost           0
  threadpool            0

TIMER
    0:  duration =  0.04       number = 1
    1:  duration =  0.037      number = 1
    2:  duration =  0          number = 0
    3:  duration =  0.023      number = 1
    4:  duration =  0.0036     number = 1
    5:  duration =  0.0013     number = 1
    6:  duration =  0.0073     number = 1
    7:  duration =  0.0021     number = 1
    8:  duration =  0.0047     number = 1
    9:  duration =  0.0029     number = 1
    10:  duration =  0.0054     number = 1
    11:  duration =  0.0086     number = 1
    12:  duration =  0.0002     number = 1
    13:  duration =  0.0028     number = 1
    14:  duration =  0.002      number = 1

SOLVER STAT
  solver_fwdinv =   0         0       
  ISLAND 0
    solver_niter = 1
    solver_nnz = 64
      0:  improvement =  0.0059      gradient =  3e-16       lineslope =  0       
          nactive = 8   nchange = 0   neval = 2   nupdate = 0

ENERGY =   0         0       

TIME =  0.71    

QPOS
  -0.095   
  -1.5e-16 
  -0.43    
   0.84    
  -7.5e-16 
   0.54    
   1.5e-15 
   3       
  -1.7e-15 

QVEL
  -0.2     
  -5.5e-16 
   0.0042  
  -1.4e-14 
   7.2     
   5.3e-15 
   9.9     
   1.6e-15 

QACC_WARMSTART
   5.1     
   1.6e-14 
  -0.092   
  -1e-13   
   31      
  -1.3e-13 
  -41      
   1.2e-13 

CTRL
   0.1     
   0       

QFRC_APPLIED
   0       
   0       
   0       
   0       
   0       
   0       
   0       
   0       

XFRC_APPLIED
   0         0         0         0         0         0       
   0         0         0         0         0         0       
   0         0         0         0         0         0       
   0         0         0         0         0         0       

QACC
   5.1     
   1.6e-14 
  -0.092   
  -1e-13   
   31      
  -1.3e-13 
  -41      
   1.2e-13 

TREE_ASLEEP
  -11

XPOS
   0         0         0       
  -0.094    -1.5e-16  -0.43    
  -0.094    -1.5e-16  -0.43    
   0.18      6.9e-16  -0.3     

XQUAT
   1         0         0         0       
   0.84     -7.3e-16   0.54      1.5e-15 
   0.42      0.42     -0.57      0.57    
   0.84     -1.2e-15   0.54      7.4e-16 

XMAT
   1         0         0         0         1         0         0         0         1       
   0.43     -3.3e-15   0.9       1.7e-15   1         2.8e-15  -0.9       3.5e-16   0.43    
  -0.29     -0.96      3.4e-15  -1.1e-15  -3.2e-15  -1         0.96     -0.29     -1.7e-16 
   0.43     -2.5e-15   0.9      -3.3e-17   1         2.8e-15  -0.9      -1.2e-15   0.43    

XIPOS
   0         0         0       
   0.014     1.9e-16  -0.37    
  -0.094    -1.5e-16  -0.43    
   0.18      6.9e-16  -0.3     

XIMAT
   1         0         0         0         1         0         0         0         1       
   0.43     -3.3e-15   0.9       1.7e-15   1         2.8e-15  -0.9       3.5e-16   0.43    
  -0.29     -0.96      3.4e-15  -1.1e-15  -3.2e-15  -1         0.96     -0.29     -1.7e-16 
   0.43     -2.5e-15   0.9      -3.3e-17   1         2.8e-15  -0.9      -1.2e-15   0.43    

XANCHOR
  -0.094    -1.5e-16  -0.43    
  -0.094    -1.5e-16  -0.43    
   0.18      6.9e-16  -0.3     

XAXIS
   0         0         1       
   3.3e-15  -1        -2.4e-15 
   0.9       2.8e-15   0.43    

GEOM_XPOS
   0         0        -0.5     
   0.014     1.9e-16  -0.37    
  -0.094    -1.5e-16  -0.43    
   0.18      6.9e-16  -0.3     

GEOM_XMAT
   1         0         0         0         1         0         0         0         1       
   0.43     -3.3e-15   0.9       1.7e-15   1         2.8e-15  -0.9       3.5e-16   0.43    
  -0.29     -0.96      3.4e-15  -1.1e-15  -3.2e-15  -1         0.96     -0.29     -1.7e-16 
   0.43     -2.5e-15   0.9      -3.3e-17   1         2.8e-15  -0.9      -1.2e-15   0.43    

LIGHT_XPOS
   0        -6         4       
   0.023     2.1e-16   1.4     

LIGHT_XDIR
   0.0031    0.81     -0.59    
   0         0        -1       

SUBTREE_COM
   0.023     2.1e-16  -0.37    
   0.023     2.1e-16  -0.37    
  -0.094    -1.5e-16  -0.43    
   0.18      6.9e-16  -0.3     

CDOF
   0         0         0         1         0         0       
   0         0         0         0         1         0       
   0         0         0         0         0         1       
   0.43      1.7e-15  -0.9       4.2e-16  -0.13     -4.5e-17 
  -3.3e-15   1         3.5e-16   0.055     2.2e-16  -0.12    
   0.9       2.8e-15   0.43      0         6.9e-18  -4.9e-32 
   3.3e-15  -1        -2.4e-15  -0.055    -4.7e-16   0.12    
   0.9       2.8e-15   0.43     -9.6e-31   3.1e-16   4.9e-32 

CINERT
   0         0         0         0         0         0         0         0         0         0       
   0.046     0.027     0.058     6.3e-17  -0.0074   -3.5e-17  -0.04     -1.2e-16  -0.019     4.8     
   0.0017    0.0062    0.0051   -1.4e-17  -0.0021   -6.4e-18  -0.037    -1.2e-16  -0.018     0.32    
   0.005     0.016     0.014    -3.5e-17  -0.0053   -1.6e-17   0.077     2.4e-16   0.036     0.5     

ACTUATOR_LENGTH
   3       
  -1.7e-15 

actuator_moment
----------
       x  |
        x |
----------

ACTUATOR_MOMENT
     6:  1       
     7:  1       

CRB
   0         0         0         0         0         0         0         0         0         0       
   0.052     0.05      0.077     1.3e-17  -0.015    -5.8e-17  -6.9e-18   1.2e-31  -6.2e-17   5.6     
   0.0017    0.0062    0.0051   -1.4e-17  -0.0021   -6.4e-18  -0.037    -1.2e-16  -0.018     0.32    
   0.005     0.016     0.014    -3.5e-17  -0.0053   -1.6e-17   0.077     2.4e-16   0.036     0.5     

QM
   5.6     
   0         5.6     
   0         0         5.6     
   2.4e-15  -0.72     -2.5e-16   0.18    
   0.31      1.2e-15  -0.65     -9.7e-22   0.14    
  -2.3e-31   9.2e-17  -1.4e-31  -1.9e-17  -5.1e-20   0.045   
  -3.5e-18  -2.5e-32   0         1.4e-18  -0.0009   -5.5e-19   0.0009  
   0         0         0         3.3e-18  -6.2e-33   0.0025              0.0025  

M
     0:  5.6     
     0:  0          1:  5.6     
     0:  0          1:  0          2:  5.6     
     0:  2.4e-15    1: -0.72       2: -2.5e-16    3:  0.18    
     0:  0.31       1:  1.2e-15    2: -0.65       3: -9.7e-22    4:  0.14    
     0: -2.3e-31    1:  9.2e-17    2: -1.4e-31    3: -1.9e-17    4: -5.1e-20    5:  0.045   
     0: -3.5e-18    1: -2.5e-32    2:  0          3:  1.4e-18    4: -0.0009     5: -5.5e-19    6:  0.0009  
     0:  0          1:  0          2:  0          3:  3.3e-18    4: -6.2e-33    5:  0.0025     7:  0.0025  

QLD
     0:  4.1     
     0:  1.7e-15    1:  2.6     
     0:  0.55       1:  1.8e-15    2:  2.6     
     0:  1.3e-14    1: -4.1        2: -1.4e-15    3:  0.18    
     0:  2.2        1:  8.7e-15    2: -4.6        3:  9.7e-18    4:  0.14    
     0: -5.4e-30    1:  2.2e-15    2: -3.4e-30    3: -5.2e-16    4: -1.4e-17    5:  0.043   
     0: -3.9e-15    1: -2.7e-29    2:  0          3:  1.5e-15    4: -1          5: -6.1e-16    6:  0.0009  
     0:  0          1:  0          2:  0          3:  1.3e-15    4: -2.5e-30    5:  1          7:  0.0025  

QLDIAGINV
   0.24    
   0.38    
   0.39    
   5.7     
   7.1     
   23      
   1.1e+03 
   4e+02   

M: inertia structure
----------
 x        |
 xx       |
 xxx      |
 xxxx     |
 xxxxx    |
 xxxxxx   |
 xxxxxxx  |
 xxxxxx x |
----------

iM: block-diagonal inertia (nnzs are island ids)
----------
 0        |
 00       |
 000      |
 0000     |
 00000    |
 000000   |
 0000000  |
 000000 0 |
----------

QH
     0:  4.1     
     0:  1.7e-15    1:  2.6     
     0:  0.55       1:  1.8e-15    2:  2.6     
     0:  1.3e-14    1: -4.1        2: -1.4e-15    3:  0.18    
     0:  2.2        1:  8.7e-15    2: -4.6        3:  8.7e-18    4:  0.14    
     0: -5.4e-30    1:  2.2e-15    2: -3.4e-30    3: -5.2e-16    4: -1.3e-17    5:  0.043   
     0: -3.5e-15    1: -2.5e-29    2:  0          3:  1.4e-15    4: -0.9        5: -5.5e-16    6:  0.001   
     0:  0          1:  0          2:  0          3:  1.3e-15    4: -2.4e-30    5:  0.99       7:  0.0025  

QHDIAGINV
   0.24    
   0.38    
   0.39    
   5.7     
   7       
   23      
   1e+03   
   4e+02   

TREE_AWAKE
  1

BODY_AWAKE
  -1 1 1 1

BODY_AWAKE_IND
  0 1 2 3

PARENT_AWAKE_IND
  1 2 3

DOF_AWAKE_IND
  0 1 2 3 4 5 6 7

CONTACT
  0:
     dim           3
     geoms         ground : wheel_geom
     exclude       0
     efc_address   0
     solref         0.02      1       
     solimp         0.9       0.95      0.001     0.5       2       
     dist          -0.00084 
     includemargin  0       
     pos           -0.094    -0.05     -0.5     
     frame          0         0         1         0         1         0        -1         0         0       
     friction       2         2         0.005     0.0001    0.0001  
     mu             2       
     force          9.2       6.3e-14  -2.2       0         0         0       
  1:
     dim           3
     geoms         ground : wheel_geom
     exclude       0
     efc_address   4
     solref         0.02      1       
     solimp         0.9       0.95      0.001     0.5       2       
     dist          -0.00084 
     includemargin  0       
     pos           -0.094     0.05     -0.5     
     frame          0         0         1         0         1         0        -1         0         0       
     friction       2         2         0.005     0.0001    0.0001  
     mu             2       
     force          9.2       6.2e-14  -2.2       0         0         0       

EFC_TYPE
  6
  6
  6
  6
  6
  6
  6
  6

EFC_ID
  0
  0
  0
  0
  1
  1
  1
  1

EFC_J
   0         2         1         0.042    -4.9e-16   0.09      5e-16     0       
   0        -2         1        -0.085     4.9e-16  -0.18     -5e-16     0       
  -2         0         1         0.069     0.15     -0.088    -0.15      0       
   2         0         1        -0.11     -0.15     -0.0025    0.15      0       
   0         2         1         0.085    -4.9e-16   0.18      5e-16     0       
   0        -2         1        -0.042     4.9e-16  -0.09     -5e-16     0       
  -2         0         1        -0.069     0.15      0.088    -0.15      0       
   2         0         1         0.11     -0.15      0.0025    0.15      0       

IEFC_J
   0         2         1         0.042    -4.9e-16   0.09      5e-16     0       
   0        -2         1        -0.085     4.9e-16  -0.18     -5e-16     0       
  -2         0         1         0.069     0.15     -0.088    -0.15      0       
   2         0         1        -0.11     -0.15     -0.0025    0.15      0       
   0         2         1         0.085    -4.9e-16   0.18      5e-16     0       
   0        -2         1        -0.042     4.9e-16  -0.09     -5e-16     0       
  -2         0         1        -0.069     0.15      0.088    -0.15      0       
   2         0         1         0.11     -0.15      0.0025    0.15      0       

EFC_POS
  -0.00084 
  -0.00084 
  -0.00084 
  -0.00084 
  -0.00084 
  -0.00084 
  -0.00084 
  -0.00084 

EFC_MARGIN
   0       
   0       
   0       
   0       
   0       
   0       
   0       
   0       

EFC_FRICTIONLOSS
   0       
   0       
   0       
   0       
   0       
   0       
   0       
   0       

EFC_DIAGAPPROX
   14      
   14      
   14      
   14      
   14      
   14      
   14      
   14      

EFC_KBIP
   2.8e+03   1.1e+02   0.95     -32      
   2.8e+03   1.1e+02   0.95     -32      
   2.8e+03   1.1e+02   0.95     -32      
   2.8e+03   1.1e+02   0.95     -32      
   2.8e+03   1.1e+02   0.95     -32      
   2.8e+03   1.1e+02   0.95     -32      
   2.8e+03   1.1e+02   0.95     -32      
   2.8e+03   1.1e+02   0.95     -32      

EFC_D
   1.2     
   1.2     
   1.2     
   1.2     
   1.2     
   1.2     
   1.2     
   1.2     

EFC_R
   0.8     
   0.8     
   0.8     
   0.8     
   0.8     
   0.8     
   0.8     
   0.8     

ACTUATOR_VELOCITY
   10      
   1.4e-15 

CVEL
   0         0         0         0         0         0       
  -2.4e-14   7.2       1.8e-14   0.19      2.8e-15  -0.83    
   8.8e-15  -2.8      -6.8e-15  -0.36     -1.9e-15   0.33    
  -2.3e-14   7.2       1.8e-14   0.19      2.8e-15  -0.83    

CDOF_DOT
   0         0         0         0         0         0       
   0         0         0         0         0         0       
   0         0         0         0         0         0       
  -0         0         0         5.2e-16  -0.19     -1.1e-16 
   0        -0         0        -0.0043    5.8e-17  -0.21    
   0         0         0        -2.6e-16   0.093    -5.7e-17 
   1.6e-17  -1.2e-30   5.3e-16   0.0043   -4.3e-16   0.21    
   3.1       2.6e-14  -6.5       3.5e-15  -0.83     -2e-15   

QFRC_BIAS
  -33      
  -7.5e-14 
   39      
  -6.3e-15 
  -6.4     
   3.4e-15 
   5.6e-17 
  -3.7e-31 

QFRC_SPRING
   0       
   0       
   0       
   0       
   0       
   0       
   0       
   0       

QFRC_DAMPER
   0       
   0       
   0       
   0       
   0       
   0       
  -0.5     
  -1.4e-17 

QFRC_GRAVCOMP
   0       
   0       
   0       
   0       
   0       
   0       
   0       
   0       

QFRC_FLUID
   0       
   0       
   0       
   0       
   0       
   0       
   0       
   0       

QFRC_PASSIVE
   0       
   0       
   0       
   0       
   0       
   0       
  -0.5     
  -1.4e-17 

EFC_VEL
   0.0043  
   0.0043  
   0.0043  
   0.0044  
   0.0043  
   0.0043  
   0.0043  
   0.0044  

EFC_AREF
   1.7     
   1.7     
   1.7     
   1.7     
   1.7     
   1.7     
   1.7     
   1.7     

SUBTREE_LINVEL
   0         0         0       
   0         0         0       
   0         0         0       
   0         0         0       

SUBTREE_ANGMOM
   0         0         0       
   0         0         0       
   0         0         0       
   0         0         0       

ACTUATOR_FORCE
   0.1     
   0       

QFRC_ACTUATOR
   0       
   0       
   0       
   0       
   0       
   0       
   0.1     
   0       

QFRC_SMOOTH
   33      
   7.5e-14 
  -39      
   6.3e-15 
   6.4     
  -3.4e-15 
  -0.4     
  -1.4e-17 

QACC_SMOOTH
   6.5     
   1.7e-14 
  -7.9     
   9.2e-15 
  -8.2     
  -8.6e-14 
  -4.5e+02 
   8e-14   

EFC_B
  -9.7     
  -9.7     
   43      
  -63      
  -9.7     
  -9.7     
   43      
  -63      

EFC_FORCE
   2.3     
   2.3     
   1.7     
   2.9     
   2.3     
   2.3     
   1.7     
   2.9     

EFC_STATE
  1
  1
  0
  1
  1
  1
  0
  1

QFRC_CONSTRAINT
   4.5     
   1.3e-13 
   18      
  -2.4e-14 
  -0.33    
  -2e-15   
   0.33    
   0       

QFRC_INVERSE
   0       
   0       
   0       
   0       
   0       
   0       
   0       
   0       

CACC
   0         0         0         0         0         0       
   0         0         0         0         0         0       
   0         0         0         0         0         0       
   0         0         0         0         0         0       

CFRC_INT
   0         0         0         0         0         0       
   0         0         0         0         0         0       
   0         0         0         0         0         0       
   0         0         0         0         0         0       

CFRC_EXT
   0         0         0         0         0         0       
   0         0         0         0         0         0       
   0         0         0         0         0         0       
   0         0         0         0         0         0       

TREE_ISLAND
  0

ISLAND_NTREE
  1

ISLAND_ITREEADR
  0

MAP_ITREE2TREE
  0

DOF_ISLAND            0 0 0 0 0 0 0 0

ISLAND_NV             8

ISLAND_IDOFADR        0

MAP_IDOF2DOF          0 1 2 3 4 5 6 7

EFC_ISLAND            0 0 0 0 0 0 0 0

ISLAND_NEFC           8

ISLAND_IEFCADR        0

MAP_IEFC2EFC          0 1 2 3 4 5 6 7

